101
JFK
04 20 2020
LHR
1 2 3 4
5 6 7 8
9 10 11 12 13 14 15

700
LHR
5 21 2020
PAR
1 2 3 4 17 18
5 6 9 10 13 14
7 8 11 12 15 16

501
EZE
06 22 2020
LAX
1 2 3 5 6
12 13 14 16 18
9 10 11 20 22 23 24

606
CPT
06 25 2020
PAR
1 3 5 6 8
12 13 14 16 18
9 10 11 20 22

555
BJS
09 15 2020
LAX
1 3 8
12 13 14 16 18
9 10 11 20 22 23 24

606
CPT
10 25 2020
PAR
1 3
12 13 14
9 10 11 20 22

888
AAL
12 05 2020
PAR
1 3 5
12 13 14 16 18 20
9 10 11 21 22 30 31

600
YXX
11 07 2020
LHR
1 3 5 6 8
12 13 14 16 18
9 10 11 20 22 24 26
